0 0.333638 0.485075 0.0274436 0.0809116 1
0 0.888113 0.543758 0.0232325 0.102069 3
0 0.713333 0.463627 0.0190153 0.0993257 8
0 0.243972 0.757391 0.0396226 0.125205 4
0 0.586201 0.59962 0.0282801 0.100523 18
0 0.781783 0.482259 0.0208125 0.0899518 11
0 0.470523 0.456246 0.0301887 0.0869753 5
0 0.550533 0.617807 0.0378989 0.10205 9
0 0.217586 0.638691 0.0438192 0.0968132 7
0 0.231695 0.578883 0.0409373 0.0958433 10
0 0.192907 0.462065 0.0368237 0.0782577 15
0 0.5533 0.548301 0.0287886 0.0970124 2
0 0.673789 0.425475 0.0276997 0.0697136 22
0 0.513584 0.424449 0.0270583 0.0753475 20
