0 0.930678 0.525975 0.0302144 0.0980494 8
0 0.386616 0.78793 0.0582918 0.104433 4
0 0.37453 0.608831 0.0461075 0.0821496 10
0 0.312587 0.495448 0.0328242 0.0793271 15
0 0.880539 0.464042 0.0257387 0.0790443 22
0 0.607081 0.509431 0.0335681 0.080183 5
0 0.75886 0.653662 0.0359939 0.0946023 18
0 0.471271 0.440973 0.034835 0.0785274 23
0 0.304431 0.677578 0.0417983 0.0881107 7
0 0.720071 0.672047 0.0462678 0.0939092 25
0 0.710099 0.599056 0.0299065 0.0810968 9
0 0.716273 0.479323 0.031981 0.0785476 21
0 0.499626 0.520625 0.0341264 0.0697789 1
