0 0.291416 0.482606 0.0204692 0.0936815 1
0 0.514585 0.535098 0.0158372 0.0874374 2
0 0.85403 0.538859 0.0322588 0.100819 3
0 0.677584 0.459629 0.0272474 0.0973827 8
0 0.201085 0.757169 0.0289029 0.132535 4
0 0.551065 0.5988 0.0281034 0.102691 18
0 0.747346 0.478448 0.0284323 0.0895453 11
0 0.337113 0.373258 0.0309168 0.0698095 23
0 0.442017 0.452056 0.0281876 0.0879731 5
0 0.637707 0.434055 0.0341893 0.0529884 22
0 0.46703 0.420314 0.0250526 0.0760846 20
0 0.51723 0.40891 0.0209263 0.082125 21
0 0.515485 0.613733 0.0207537 0.107661 9
0 0.164448 0.462769 0.0358659 0.0817742 15
