0 0.230677 0.505632 0.0226548 0.0959029 1
0 0.454639 0.539622 0.0199578 0.10071 2
0 0.807269 0.528293 0.0274072 0.102325 3
0 0.420128 0.448192 0.024314 0.0960947 5
0 0.950311 0.58651 0.0333474 0.116791 6
0 0.633179 0.450147 0.0216153 0.0969412 8
0 0.472575 0.62398 0.0294515 0.105637 9
0 0.101471 0.580077 0.0289122 0.115461 10
0 0.137844 0.644382 0.0313445 0.121138 7
0 0.10533 0.465372 0.027712 0.0974964 15
0 0.686808 0.470192 0.0129697 0.0924648 11
0 0.128337 0.760952 0.0222605 0.14052 4
0 0.348843 0.397357 0.0252573 0.0761631 17
