0 0.215814 0.514176 0.0243419 0.0954653 1
0 0.43823 0.537125 0.0215124 0.107423 2
0 0.804058 0.524771 0.0319246 0.0996256 3
0 0.107244 0.764067 0.0214616 0.139975 4
0 0.417326 0.456033 0.0282485 0.0920234 5
0 0.944321 0.58589 0.0209926 0.115121 6
0 0.630498 0.44826 0.0236611 0.0945921 8
0 0.457881 0.625152 0.0293181 0.11397 9
0 0.082807 0.582821 0.0331064 0.112467 10
0 0.117086 0.646779 0.0268256 0.122839 7
0 0.086772 0.461608 0.0231699 0.0968612 15
0 0.322054 0.390027 0.0196556 0.0841279 17
0 0.671048 0.467855 0.0134443 0.090811 11
