0 0.902271 0.550404 0.0330676 0.101246 3
0 0.727493 0.467336 0.0271044 0.0940709 8
0 0.259842 0.758483 0.0448516 0.118059 4
0 0.600431 0.603429 0.0354579 0.0946869 18
0 0.797605 0.486846 0.0216951 0.0880088 11
0 0.477639 0.459476 0.0275346 0.0836812 5
0 0.566538 0.618145 0.0362194 0.102581 9
0 0.243343 0.579172 0.0402125 0.095661 10
0 0.198165 0.464516 0.0360165 0.0804861 15
0 0.689667 0.424977 0.0306377 0.0743541 22
0 0.218468 0.641446 0.039249 0.0938697 7
0 0.348698 0.485835 0.0320973 0.0783448 1
