0 0.851012 0.502761 0.0187053 0.0965189 8
0 0.348781 0.776771 0.0469201 0.103607 4
0 0.332961 0.598679 0.0466811 0.0808542 10
0 0.666268 0.651863 0.0340851 0.0910043 25
0 0.27733 0.665456 0.0413146 0.0895187 7
0 0.272173 0.485367 0.0391168 0.0769877 15
0 0.805349 0.445884 0.027264 0.0821007 22
0 0.559678 0.490277 0.0306781 0.0860112 5
0 0.704826 0.633216 0.0371679 0.0889678 18
0 0.659246 0.577119 0.0265881 0.0797759 9
0 0.913538 0.523178 0.0312574 0.0843166 11
0 0.42691 0.417701 0.0335161 0.0817328 23
0 0.447288 0.504718 0.0310926 0.0741493 1
