0 0.871179 0.510681 0.0243915 0.0956967 8
0 0.3632 0.782441 0.0496111 0.103802 4
0 0.342358 0.605634 0.0451213 0.0809393 10
0 0.287082 0.667759 0.0495458 0.0905119 7
0 0.280916 0.490924 0.0322275 0.074211 15
0 0.8254 0.453043 0.0235826 0.0807774 22
0 0.570705 0.498008 0.0249921 0.0800134 5
0 0.934157 0.533643 0.0319017 0.0878665 11
0 0.435958 0.426454 0.0231161 0.0788094 23
0 0.4635 0.510505 0.032697 0.0730279 1
0 0.679282 0.659485 0.0402542 0.0880968 25
0 0.717892 0.641173 0.0335244 0.0857457 18
0 0.677283 0.591578 0.0358257 0.0963492 9
