0 0.238842 0.499928 0.0206408 0.0955536 1
0 0.464145 0.537679 0.0180642 0.098341 2
0 0.814416 0.530704 0.0312594 0.0997032 3
0 0.424145 0.449255 0.0223977 0.0952456 5
0 0.959025 0.585558 0.0338878 0.113725 6
0 0.638288 0.450909 0.0308527 0.0984925 8
0 0.478473 0.619489 0.0286565 0.107521 9
0 0.112372 0.579674 0.027387 0.115616 10
0 0.147315 0.643967 0.0318227 0.122744 7
0 0.113968 0.462386 0.0252091 0.0983451 15
0 0.696095 0.471867 0.0143674 0.094066 11
0 0.139677 0.760309 0.023056 0.140211 4
0 0.492869 0.6026 0.0237842 0.105345 18
