0 0.254111 0.496131 0.0233404 0.095033 1
0 0.477794 0.541283 0.0171632 0.100476 2
0 0.822747 0.531138 0.0169412 0.104345 3
0 0.432117 0.452418 0.033075 0.092023 5
0 0.968857 0.587023 0.0172403 0.117056 6
0 0.649156 0.454471 0.0225439 0.0974258 8
0 0.485705 0.619351 0.0273633 0.105263 9
0 0.132668 0.579613 0.0247915 0.114857 10
0 0.162413 0.643654 0.0398327 0.113829 7
0 0.157161 0.759133 0.0249066 0.139828 4
0 0.510183 0.600993 0.0251956 0.106663 18
0 0.126643 0.465051 0.0257105 0.0927082 15
0 0.397267 0.405289 0.0187606 0.079403 20
0 0.7083 0.473442 0.017247 0.0925054 11
