0 0.943615 0.527393 0.0296309 0.0978839 8
0 0.394301 0.784543 0.05709 0.0980202 4
0 0.38052 0.608734 0.0451117 0.0812397 10
0 0.317257 0.495838 0.0287436 0.0795508 15
0 0.89243 0.464874 0.0260352 0.0797456 22
0 0.612541 0.508993 0.0308632 0.0758193 5
0 0.768395 0.656233 0.0351974 0.0961755 18
0 0.477484 0.442208 0.0347318 0.0790234 23
0 0.311838 0.677079 0.0470583 0.0880739 7
0 0.727803 0.674904 0.0405521 0.090347 25
0 0.718793 0.600528 0.0334767 0.0841582 9
0 0.683714 0.460807 0.0365875 0.0758693 27
0 0.72681 0.481731 0.0320413 0.078938 21
0 0.506316 0.521136 0.0320635 0.0675921 1
