0 0.922299 0.554966 0.0331823 0.100826 3
0 0.745038 0.470945 0.0304771 0.0953204 8
0 0.272129 0.759895 0.0432486 0.111298 4
0 0.616935 0.606835 0.0389446 0.0934751 18
0 0.816365 0.492774 0.02414 0.0864299 11
0 0.492083 0.461396 0.0316057 0.0854863 5
0 0.254773 0.581485 0.0361242 0.0941003 10
0 0.208868 0.467241 0.0330731 0.0781309 15
0 0.230695 0.643638 0.0487291 0.0908805 7
0 0.581703 0.59749 0.031061 0.150877 9
0 0.707414 0.427593 0.0297775 0.0763739 22
0 0.362154 0.487733 0.0332225 0.076272 1
