0 0.943426 0.52736 0.0291402 0.0980916 8
0 0.392064 0.783125 0.0564737 0.0953118 4
0 0.377622 0.608499 0.0446477 0.080859 10
0 0.31448 0.49561 0.0276381 0.0793608 15
0 0.891873 0.464728 0.0261405 0.0798846 22
0 0.609628 0.508386 0.0298688 0.0740816 5
0 0.76678 0.656808 0.0348154 0.0973352 18
0 0.474383 0.442265 0.0343823 0.0793007 23
0 0.30949 0.676648 0.0489961 0.0879751 7
0 0.725888 0.675624 0.0384502 0.0889871 25
0 0.717049 0.600763 0.0346013 0.0852326 9
0 0.682794 0.460811 0.0369918 0.0763755 27
0 0.72559 0.482223 0.0320391 0.079188 21
0 0.503987 0.521087 0.0313902 0.0666781 1
