0 0.437194 0.782068 0.0471189 0.0991013 4
0 0.426509 0.604981 0.0465896 0.0816269 10
0 0.364813 0.492927 0.0361618 0.0742123 15
0 0.532421 0.450438 0.0318835 0.0781894 23
0 0.346622 0.670785 0.0486544 0.0889882 7
0 0.804192 0.487749 0.0334705 0.0754875 21
0 0.785931 0.662067 0.0444892 0.118778 25
0 0.663289 0.516638 0.0253224 0.0818905 5
0 0.835547 0.66501 0.0429168 0.0948816 18
0 0.980061 0.467959 0.0279912 0.0804096 22
0 0.562187 0.524236 0.0354419 0.0704851 1
0 0.775367 0.600787 0.032261 0.0808556 9
