0 0.210721 0.521515 0.0259742 0.0959678 1
0 0.430435 0.532174 0.0204857 0.10639 2
0 0.799486 0.522891 0.0309341 0.100439 3
0 0.0984459 0.767721 0.0245363 0.14346 4
0 0.411177 0.452965 0.0241642 0.0980593 5
0 0.942858 0.588422 0.0299687 0.114621 6
0 0.627273 0.446765 0.0237137 0.0907266 8
0 0.451844 0.620561 0.0335323 0.126363 9
0 0.0759884 0.580089 0.0280235 0.114413 10
0 0.103822 0.647696 0.0242558 0.122163 7
0 0.665005 0.469544 0.0187574 0.0926667 11
0 0.0775557 0.461547 0.0212737 0.0957624 15
