0 0.304747 0.485014 0.02213 0.085663 1
0 0.864484 0.540182 0.0222864 0.101405 3
0 0.687575 0.459863 0.0252053 0.0994274 8
0 0.214888 0.756848 0.0308517 0.129708 4
0 0.56199 0.598223 0.0271925 0.103655 18
0 0.759188 0.479004 0.0251505 0.0905378 11
0 0.451534 0.453337 0.0353408 0.0871806 5
0 0.52488 0.615426 0.0270688 0.10611 9
0 0.199757 0.639031 0.0368908 0.0954644 7
0 0.202578 0.580758 0.031664 0.0984464 10
0 0.64927 0.431169 0.0341016 0.0575779 22
0 0.481643 0.422338 0.0255668 0.0740304 20
0 0.171832 0.461307 0.0311591 0.0781982 15
