0 0.248469 0.498583 0.023465 0.095675 1
0 0.472485 0.538817 0.016659 0.0982028 2
0 0.821007 0.531373 0.0217417 0.101873 3
0 0.426727 0.453895 0.0307623 0.0902565 5
0 0.965763 0.586015 0.0236702 0.115011 6
0 0.645215 0.4583 0.0292582 0.0919439 8
0 0.482121 0.620762 0.0254064 0.104343 9
0 0.124215 0.579671 0.0254086 0.114988 10
0 0.156745 0.643684 0.0355533 0.117866 7
0 0.15004 0.759982 0.0244656 0.140299 4
0 0.503621 0.601163 0.0249272 0.1073 18
0 0.506358 0.404908 0.0330756 0.0827003 19
0 0.122182 0.462828 0.0242418 0.096814 15
