0 0.218 0.512965 0.0247821 0.0963149 1
0 0.440376 0.538012 0.0212276 0.107831 2
0 0.803989 0.524506 0.0283208 0.0993789 3
0 0.109954 0.763761 0.0218188 0.139364 4
0 0.418629 0.455924 0.0318483 0.0931079 5
0 0.944142 0.584778 0.0197954 0.114756 6
0 0.630614 0.447898 0.020613 0.0950411 8
0 0.459926 0.62261 0.0313546 0.118 9
0 0.0857316 0.58229 0.0333357 0.113246 10
0 0.120064 0.646174 0.0273063 0.123456 7
0 0.0886524 0.461378 0.023346 0.0968042 15
0 0.325321 0.3912 0.0192359 0.0828364 17
0 0.672613 0.468169 0.0131906 0.0917558 11
