0 0.273419 0.489276 0.0214859 0.0908064 1
0 0.497379 0.529726 0.0159829 0.0782984 2
0 0.836089 0.535617 0.033384 0.0997091 3
0 0.436738 0.445723 0.0222924 0.0986973 5
0 0.983325 0.586398 0.027688 0.113986 6
0 0.660552 0.455474 0.0248144 0.100372 8
0 0.50181 0.611859 0.0249043 0.0956221 9
0 0.161019 0.575745 0.0240636 0.110899 10
0 0.181147 0.758871 0.0243951 0.132966 4
0 0.53231 0.598868 0.0257352 0.104063 18
0 0.728644 0.477622 0.0268257 0.0908788 11
0 0.506618 0.406896 0.0287204 0.0797659 21
0 0.149642 0.464395 0.0263622 0.0813327 15
