0 0.259507 0.491768 0.0222583 0.0932285 1
0 0.483087 0.540438 0.0179865 0.0972265 2
0 0.826381 0.531355 0.018357 0.104744 3
0 0.43264 0.449501 0.0296367 0.0955215 5
0 0.971422 0.586914 0.0178619 0.116207 6
0 0.651914 0.453016 0.0161082 0.0978636 8
0 0.490154 0.618423 0.0290715 0.105701 9
0 0.140872 0.578239 0.0242194 0.114619 10
0 0.166921 0.640881 0.0398969 0.108626 7
0 0.164745 0.757867 0.0255144 0.139484 4
0 0.516129 0.599787 0.0249612 0.105368 18
0 0.13411 0.465895 0.0261106 0.0886523 15
0 0.714486 0.473828 0.018727 0.0903474 11
