0 0.262463 0.490768 0.0217314 0.092481 1
0 0.486452 0.53866 0.0176815 0.0947976 2
0 0.827643 0.532717 0.0227153 0.103134 3
0 0.431984 0.447794 0.0264535 0.0964092 5
0 0.9737 0.586925 0.0205626 0.116086 6
0 0.654162 0.4536 0.0159796 0.0983811 8
0 0.493286 0.617336 0.0306395 0.105824 9
0 0.145923 0.578151 0.0244378 0.115471 10
0 0.168819 0.641303 0.0371627 0.108351 7
0 0.168637 0.757675 0.0258692 0.139326 4
0 0.519852 0.599678 0.024549 0.103853 18
0 0.138285 0.464473 0.0254351 0.085432 15
0 0.717795 0.475018 0.0210857 0.0910003 11
