0 0.281273 0.483798 0.0212393 0.0942069 1
0 0.505366 0.536134 0.0168053 0.0904158 2
0 0.844267 0.537861 0.0343994 0.100384 3
0 0.988095 0.583825 0.0231872 0.106358 6
0 0.667689 0.457619 0.0278435 0.0982059 8
0 0.507029 0.614203 0.0184594 0.100683 9
0 0.171605 0.577015 0.0253134 0.11226 10
0 0.189834 0.757556 0.0269781 0.134107 4
0 0.540607 0.598865 0.0276471 0.103281 18
0 0.736792 0.47787 0.0286903 0.0911452 11
0 0.155891 0.464802 0.0323822 0.0817609 15
0 0.334955 0.370078 0.0250871 0.0656877 23
0 0.437159 0.448923 0.0205156 0.092869 5
