0 0.277406 0.488917 0.020825 0.0906439 1
0 0.501246 0.529021 0.0151126 0.0771105 2
0 0.839956 0.536952 0.0350412 0.0992623 3
0 0.98575 0.585721 0.0274285 0.111646 6
0 0.663748 0.455752 0.02589 0.0999399 8
0 0.504335 0.610401 0.0216786 0.0955265 9
0 0.166427 0.574257 0.0241393 0.108544 10
0 0.185793 0.758697 0.0252539 0.13194 4
0 0.53639 0.598651 0.0261122 0.103257 18
0 0.732368 0.477717 0.0281493 0.0909525 11
0 0.622475 0.437495 0.0325059 0.0501812 22
0 0.50909 0.406377 0.0287867 0.0789254 21
0 0.15346 0.465283 0.0285903 0.0824954 15
