0 0.261917 0.490591 0.0215292 0.0922181 1
0 0.486114 0.538037 0.0174874 0.093964 2
0 0.826584 0.533075 0.0243661 0.102396 3
0 0.430263 0.447264 0.0252868 0.0965887 5
0 0.973111 0.586683 0.0215797 0.11572 6
0 0.653581 0.453871 0.0161055 0.098657 8
0 0.492863 0.616981 0.0313279 0.106031 9
0 0.146088 0.578326 0.0245101 0.116074 10
0 0.167751 0.641609 0.0360081 0.108197 7
0 0.168457 0.757873 0.0260154 0.13899 4
0 0.519683 0.599741 0.0242876 0.103367 18
0 0.13821 0.464106 0.0251388 0.0841994 15
0 0.717539 0.47543 0.0216779 0.0912461 11
0 0.503039 0.406936 0.0200807 0.0786748 21
