0 0.24227 0.498963 0.021378 0.0955038 1
0 0.466931 0.531746 0.0173258 0.0861276 2
0 0.816931 0.531146 0.0297488 0.0997993 3
0 0.425024 0.451132 0.0233895 0.0947347 5
0 0.961985 0.585347 0.0317546 0.113352 6
0 0.640968 0.454408 0.0315299 0.0939385 8
0 0.478978 0.619803 0.0263345 0.10634 9
0 0.115989 0.580053 0.0269398 0.11548 10
0 0.149923 0.643753 0.0329758 0.12072 7
0 0.116565 0.462022 0.0245163 0.097642 15
0 0.699185 0.472381 0.015203 0.094231 11
0 0.142779 0.761438 0.0237271 0.138379 4
0 0.496421 0.601498 0.0241563 0.103384 18
