0 0.326367 0.485755 0.0264486 0.0833021 1
0 0.881589 0.542569 0.0193719 0.102982 3
0 0.706134 0.461785 0.018213 0.100494 8
0 0.236439 0.757139 0.0373388 0.127392 4
0 0.579425 0.598382 0.0272551 0.102547 18
0 0.776182 0.480742 0.0224925 0.0896509 11
0 0.466798 0.455466 0.0319682 0.0877063 5
0 0.542677 0.615128 0.0373854 0.107236 9
0 0.213415 0.638172 0.0433174 0.0967005 7
0 0.22442 0.580095 0.0380007 0.0956173 10
0 0.187494 0.461987 0.0343089 0.0782757 15
0 0.546329 0.545705 0.0261385 0.0960175 2
0 0.666741 0.427177 0.0278409 0.0672325 22
