0 0.298097 0.484322 0.0205195 0.0887679 1
0 0.859527 0.539584 0.0282935 0.101298 3
0 0.682434 0.45956 0.0263685 0.0986602 8
0 0.207801 0.757611 0.0301524 0.129625 4
0 0.556675 0.598073 0.0281123 0.102948 18
0 0.753601 0.478323 0.0271765 0.090343 11
0 0.337665 0.374883 0.0300698 0.0716325 23
0 0.446594 0.453126 0.0333355 0.0887112 5
0 0.520907 0.410068 0.0181837 0.0830782 21
0 0.52043 0.615523 0.0233281 0.104133 9
0 0.194858 0.639093 0.0370896 0.0986842 7
0 0.194182 0.578908 0.0298961 0.100954 10
