0 0.318915 0.486495 0.0252091 0.0847836 1
0 0.875845 0.541696 0.0166775 0.101609 3
0 0.698882 0.461325 0.0199673 0.101062 8
0 0.229342 0.755657 0.0348782 0.130878 4
0 0.573125 0.59754 0.0251808 0.102735 18
0 0.770515 0.479988 0.0238015 0.0912933 11
0 0.462878 0.454779 0.0335731 0.0893207 5
0 0.535897 0.615365 0.0362269 0.10746 9
0 0.208905 0.637489 0.0416217 0.0967074 7
0 0.217872 0.581253 0.0345461 0.095557 10
0 0.181546 0.461315 0.0308667 0.0769061 15
0 0.53952 0.543182 0.0233504 0.0954716 2
0 0.498859 0.422717 0.0278737 0.0762996 20
