0 0.251685 0.49801 0.0239036 0.0948003 1
0 0.475518 0.540404 0.0168094 0.100203 2
0 0.822189 0.531108 0.0192563 0.103536 3
0 0.429835 0.453583 0.0316647 0.0901841 5
0 0.967672 0.586667 0.0208388 0.116844 6
0 0.647462 0.45612 0.0269815 0.095483 8
0 0.483913 0.619192 0.0269082 0.105522 9
0 0.128282 0.579799 0.0252088 0.115377 10
0 0.159916 0.64331 0.0365761 0.114755 7
0 0.153765 0.759288 0.0247145 0.140825 4
0 0.506751 0.601039 0.0247928 0.106479 18
0 0.124764 0.463678 0.024175 0.0952242 15
0 0.705402 0.472725 0.0173934 0.0924282 11
