0 0.208933 0.523628 0.0254179 0.097817 1
0 0.4284 0.532178 0.0212036 0.105059 2
0 0.800567 0.521785 0.0229502 0.102678 3
0 0.0957274 0.768387 0.0257484 0.142056 4
0 0.409622 0.452685 0.0224603 0.0987411 5
0 0.942495 0.58909 0.029831 0.114793 6
0 0.628201 0.445048 0.0185477 0.0914215 8
0 0.448666 0.621905 0.0335774 0.128805 9
0 0.0755228 0.57773 0.0254653 0.115669 10
0 0.10066 0.648302 0.0252258 0.123281 7
0 0.663232 0.469482 0.0195121 0.09221 11
0 0.0758271 0.459506 0.0219911 0.0956186 15
0 0.961202 0.335842 0.0197414 0.0841222 16
