0 0.214028 0.515653 0.0235102 0.0939886 1
0 0.436219 0.536029 0.0211988 0.106259 2
0 0.803058 0.525001 0.0341275 0.099552 3
0 0.104378 0.764898 0.0217871 0.140608 4
0 0.416118 0.456627 0.0265136 0.0920352 5
0 0.943757 0.586349 0.0238258 0.114801 6
0 0.629532 0.448498 0.0256229 0.0935398 8
0 0.456337 0.623868 0.0288966 0.118516 9
0 0.0802643 0.582418 0.0341937 0.112764 10
0 0.11415 0.647126 0.0263288 0.121983 7
0 0.0844654 0.461757 0.0228098 0.0969317 15
0 0.669485 0.468058 0.014378 0.0911467 11
