0 0.957309 0.528447 0.0258451 0.10018 8
0 0.400765 0.7835 0.05034 0.0949368 4
0 0.383998 0.608598 0.0402119 0.0811337 10
0 0.325018 0.49506 0.0328573 0.0775455 15
0 0.905141 0.465234 0.0262872 0.080455 22
0 0.61765 0.510345 0.0274129 0.0761406 5
0 0.774748 0.658041 0.0311907 0.0961677 18
0 0.482992 0.443903 0.0273104 0.0783266 23
0 0.316689 0.675854 0.0501712 0.0874295 7
0 0.728716 0.602312 0.0381138 0.0869086 9
0 0.691197 0.465589 0.0340113 0.0738597 27
0 0.736178 0.485009 0.0304026 0.0782183 21
0 0.513464 0.521044 0.0305707 0.0701231 1
