0 0.256931 0.494362 0.0231131 0.0942214 1
0 0.480258 0.540979 0.0175553 0.0993081 2
0 0.82422 0.530764 0.016508 0.104625 3
0 0.432854 0.451354 0.0327295 0.0941277 5
0 0.969564 0.587309 0.0162082 0.117395 6
0 0.650089 0.453662 0.0185565 0.0989226 8
0 0.487877 0.6187 0.0284279 0.105468 9
0 0.136715 0.578677 0.0245173 0.114986 10
0 0.164668 0.642606 0.0412012 0.112675 7
0 0.161036 0.757884 0.0254597 0.140751 4
0 0.513047 0.600664 0.0252197 0.106204 18
0 0.130197 0.466168 0.0256344 0.0903648 15
0 0.403323 0.405608 0.0175985 0.0787991 20
0 0.710945 0.473349 0.0178239 0.0926441 11
