0 0.31159 0.485768 0.0240146 0.0852513 1
0 0.869254 0.540779 0.0172635 0.101537 3
0 0.692896 0.460286 0.0186724 0.100438 8
0 0.221661 0.755211 0.0333958 0.130922 4
0 0.566871 0.597261 0.0259946 0.102748 18
0 0.763937 0.47991 0.0238635 0.0921627 11
0 0.456691 0.454159 0.0348893 0.0887819 5
0 0.529731 0.614652 0.0340117 0.109034 9
0 0.20376 0.637759 0.0392815 0.0969343 7
0 0.210578 0.580974 0.0333918 0.0971628 10
0 0.654702 0.430222 0.0317938 0.061547 22
0 0.174264 0.459948 0.0273924 0.0756141 15
